main_volume=100.000000
music_volume=0.000000
sfx_volume=100.000000
resolution=1280x720
money=152
lives=7
stage=0
