main_volume=100.000000
music_volume=60.000000
sfx_volume=50.000000
resolution=1280x720
