main_volume=100.000000
music_volume=0.000000
sfx_volume=100.000000
money=220
lives=6
stage=0
