main_volume=100.000000
music_volume=63.000000
sfx_volume=100.000000
resolution=1280x720
money=160
lives=5
stage=0
