main_volume=100.000000
music_volume=21.000000
sfx_volume=100.000000
resolution=1280x720
money=78
lives=10
