main_volume=56.000000
music_volume=28.000000
sfx_volume=99.000000
resolution=1920x1080
