main_volume=100.000000
music_volume=46.000000
sfx_volume=100.000000
resolution=1920x1080
