main_volume=100.000000
music_volume=38.000000
sfx_volume=99.000000
resolution=1280x720
